   0.908032383016      1  1  1  1
   0.309135778751E-10  2  1  1  1
   0.741558791207      2  1  2  1
   0.908177903250      2  2  1  1
  -0.309066919193E-10  2  2  2  1
   0.908323483482      2  2  2  2
  -0.640991738406E-01  3  1  1  1
  -0.135767843331E-11  3  1  2  1
  -0.641194828965E-01  3  1  2  2
   0.811032102175E-02  3  1  3  1
  -0.137870372505E-11  3  2  1  1
  -0.651246312567E-01  3  2  2  1
   0.405087384715E-11  3  2  2  2
  -0.173363927380E-15  3  2  3  1
   0.810279464895E-02  3  2  3  2
   0.257709009467      3  3  1  1
  -0.678575034704E-16  3  3  2  1
   0.257702371486      3  3  2  2
  -0.769651821304E-03  3  3  3  1
   0.159499149999E-13  3  3  3  2
   0.222895447155      3  3  3  3
   0.289600465249E-11  4  1  1  1
   0.460038749034E-01  4  1  2  1
  -0.938859178117E-12  4  1  2  2
  -0.235726585820E-12  4  1  3  1
  -0.566081050876E-02  4  1  3  2
   0.448117735870E-13  4  1  3  3
   0.426713389599E-02  4  1  4  1
   0.469429757832E-01  4  2  1  1
  -0.958385532427E-12  4  2  2  1
   0.469556640004E-01  4  2  2  2
  -0.564922797422E-02  4  2  3  1
   0.235699155506E-12  4  2  3  2
   0.215131052917E-02  4  2  3  3
   0.277338915722E-15  4  2  4  1
   0.427937214160E-02  4  2  4  2
  -0.264602513627E-11  4  3  1  1
  -0.634619992382E-01  4  3  2  1
   0.264450545451E-11  4  3  2  2
   0.323994303608E-13  4  3  3  1
   0.155418529024E-02  4  3  3  2
  -0.627244838101E-15  4  3  3  3
  -0.441762518880E-03  4  3  4  1
   0.920661116788E-14  4  3  4  2
   0.288194402752E-01  4  3  4  3
   0.189138565664      4  4  1  1
  -0.381625612188E-15  4  4  2  1
   0.189143775801      4  4  2  2
  -0.126530355420E-02  4  4  3  1
   0.263335360462E-13  4  4  3  2
   0.156798801583      4  4  3  3
   0.529437604868E-14  4  4  4  1
   0.254177143022E-03  4  4  4  2
   0.503069808033E-15  4  4  4  3
   0.159595987670      4  4  4  4
  -0.516358390107E-03  5  1  1  1
  -0.476227083398E-13  5  1  2  1
  -0.518839926081E-03  5  1  2  2
   0.375714480040E-03  5  1  3  1
  -0.597842630436E-15  5  1  3  2
   0.178043389734E-02  5  1  3  3
   0.452735722176E-14  5  1  4  1
   0.116420778575E-03  5  1  4  2
   0.162509979432E-13  5  1  4  3
  -0.796553439515E-03  5  1  4  4
   0.434767660724E-03  5  1  5  1
  -0.856528415143E-13  5  2  1  1
  -0.234456695509E-02  5  2  2  1
   0.109856347176E-12  5  2  2  2
  -0.595836327021E-15  5  2  3  1
   0.354335794535E-03  5  2  3  2
  -0.370231394861E-13  5  2  3  3
   0.957223690010E-04  5  2  4  1
  -0.431414208827E-14  5  2  4  2
   0.782848416151E-03  5  2  4  3
   0.166613167964E-13  5  2  4  4
  -0.836265464429E-15  5  2  5  1
   0.394938053946E-03  5  2  5  2
   0.322279571117E-01  5  3  1  1
  -0.122203984399E-14  5  3  2  1
   0.322195499089E-01  5  3  2  2
   0.673829504509E-03  5  3  3  1
  -0.140379244687E-13  5  3  3  2
   0.358549627249E-01  5  3  3  3
   0.184565904227E-13  5  3  4  1
   0.886709587328E-03  5  3  4  2
   0.170002900646E-15  5  3  4  3
  -0.272999412667E-02  5  3  4  4
   0.156913754142E-02  5  3  5  1
  -0.326787208405E-13  5  3  5  2
   0.222310431362E-01  5  3  5  3
   0.180951882366E-11  5  4  1  1
   0.433996145355E-01  5  4  2  1
  -0.180849814002E-11  5  4  2  2
  -0.150997920764E-13  5  4  3  1
  -0.722937142626E-03  5  4  3  2
   0.236982030950E-15  5  4  3  3
  -0.656401776378E-03  5  4  4  1
   0.136761262037E-13  5  4  4  2
  -0.327171089214E-01  5  4  4  3
  -0.991299598831E-15  5  4  4  4
  -0.286994820270E-13  5  4  5  1
  -0.137736850602E-02  5  4  5  2
  -0.430211422042E-15  5  4  5  3
   0.526705698505E-01  5  4  5  4
   0.175142335019      5  5  1  1
   0.563934207491E-15  5  5  2  1
   0.175140821690      5  5  2  2
  -0.118159888723E-03  5  5  3  1
   0.239782152467E-14  5  5  3  2
   0.158933980626      5  5  3  3
   0.230718222305E-14  5  5  4  1
   0.112027612688E-03  5  5  4  2
  -0.690419943439E-15  5  5  4  3
   0.152854808625      5  5  4  4
  -0.134022345075E-04  5  5  5  1
   0.269749500514E-15  5  5  5  2
   0.394741846646E-02  5  5  5  3
   0.690419943439E-15  5  5  5  4
   0.152327137057      5  5  5  5
   -4.94240434065      1  1  0  0
  -0.563915233953E-14  2  1  0  0
   -4.94264062394      2  2  0  0
   0.127983160198      3  1  0  0
  -0.266731081666E-11  3  2  0  0
   -1.40576365309      3  3  0  0
  -0.203315142500E-11  4  1  0  0
  -0.975861633262E-01  4  2  0  0
   0.352495810318E-14  4  3  0  0
   -1.02253818663      4  4  0  0
  -0.367754989166E-02  5  1  0  0
   0.723310300543E-13  5  2  0  0
  -0.164020161730      5  3  0  0
  -0.248412401760E-14  5  4  0  0
  -0.936758649204      5  5  0  0
    1.50000000000      0  0  0  0
